MAT 10 10
-0.318983009846 0.35575441597 0.0465377211603 0.209732460243 -0.0718615034962 -0.666190044649 0.258125342962 0.0440348638372 0.446793021089 -0.0914885440706 
-0.390322141809 -0.560881423588 0.165628310375 0.284745326666 0.287408880935 -0.319446369549 -0.418677666471 0.0564050500782 -0.134062282216 0.208453722885 
-0.307063164405 -0.253629467107 -0.446059718992 0.266536166709 0.0100816154657 0.203126541992 0.10861060078 -0.128069999659 0.0134093119378 -0.708260882243 
-0.374804799829 -0.161290412938 0.0483279934879 -0.477877486068 -0.152335759468 0.0999233550688 -0.0357072361782 -0.662976272445 0.322733181018 0.156984607215 
-0.387880012843 0.422317350855 -0.332275725868 -0.246676736683 0.531923959752 -0.0252685464779 0.086798351125 -0.036304965449 -0.431703526589 0.145392719347 
-0.212018949123 0.134394166115 -0.0347151969622 -0.364053408297 -0.560241794838 -0.22210470297 -0.453717800411 0.2478842605 -0.321408932148 -0.263504508294 
-0.273528456285 -0.401845414941 0.0316493378759 -0.318273295391 -0.124883968455 0.0637228359393 0.600289334219 0.51157650757 -0.0231699639726 0.138389358132 
-0.255922718434 0.169902092949 0.723973119995 0.210148655789 -0.0781168433 0.183533492232 0.241039365191 -0.20347474032 -0.392940034888 -0.20891793719 
-0.278014155817 0.224213994748 0.241053877615 -0.088143197128 0.260298360856 0.452760910023 -0.335158599729 0.41475399433 0.482661527101 -0.128444648678 
-0.313245871387 0.177415358533 -0.272467615637 0.478445510383 -0.45017417274 0.331953595678 -0.0289258727283 0.0322786690611 -0.0222324198364 0.502025130917 
MAT 10 8
421.690254256 0.0 0.0 0.0 0.0 0.0 0.0 0.0 
0.0 144.565105114 0.0 0.0 0.0 0.0 0.0 0.0 
0.0 0.0 104.846449721 0.0 0.0 0.0 0.0 0.0 
0.0 0.0 0.0 81.7778343866 0.0 0.0 0.0 0.0 
0.0 0.0 0.0 0.0 69.9401358636 0.0 0.0 0.0 
0.0 0.0 0.0 0.0 0.0 44.3169142364 0.0 0.0 
0.0 0.0 0.0 0.0 0.0 0.0 32.5090023158 0.0 
0.0 0.0 0.0 0.0 0.0 0.0 0.0 10.4125361493 
0.0 0.0 0.0 0.0 0.0 0.0 0.0 0.0 
0.0 0.0 0.0 0.0 0.0 0.0 0.0 0.0 
MAT 8 8
-0.33469000678 -0.34534658571 -0.442348264675 -0.386677517761 -0.382203647669 -0.258070137112 -0.328365556915 -0.320972089392 
0.153881046828 0.500650458168 -0.39350945464 -0.385196171703 -0.0857981128238 0.0378564214601 0.599101951142 -0.233936717737 
-0.49467816834 -0.21854010532 -0.292238064101 0.381435274971 0.44577988752 0.287692992017 0.2730390977 -0.347275772818 
0.62120602784 -0.294779727675 -0.517676105803 -0.0538757830645 0.244567398506 0.361080798914 -0.234317215054 0.105923177726 
0.109528055316 -0.101177298129 0.0571179147643 0.367205662159 -0.738639795699 0.49802604524 0.124549912369 -0.174736758395 
-0.0149549421299 0.492178757052 -0.467369995652 0.575954910894 -0.105203783253 -0.310227872634 -0.295392037994 0.113190209449 
0.0860443243973 -0.476604241172 -0.186028992532 0.191556788262 -0.146819282649 -0.443280536947 0.547903893614 0.41939452728 
0.462683620387 -0.125704461898 0.199456085729 0.224612726122 0.0990638655443 -0.421961118531 0.0288130804976 -0.70085206727 
